                     [38;2;224;86;91m[48;2;224;86;91m▀[0m[38;2;224;86;91m[48;2;224;86;91m▀[0m[38;2;184;67;74m[48;2;184;67;74m▀[0m                                                                                           
  [38;2;239;233;218m▄[0m[38;2;239;233;218m▄[0m[38;2;239;233;218m[48;2;239;233;218m▀[0m[38;2;239;233;218m[48;2;239;233;218m▀[0m[38;2;239;233;218m[48;2;239;233;218m▀[0m[38;2;239;233;218m[48;2;239;233;218m▀[0m[38;2;239;233;218m[48;2;239;233;218m▀[0m[38;2;239;233;218m[48;2;239;233;218m▀[0m[38;2;239;233;218m[48;2;239;233;218m▀[0m[38;2;239;233;218m[48;2;239;233;218m▀[0m[38;2;239;233;218m▄[0m[38;2;239;233;218m▄[0m    [38;2;239;233;218m▄[0m[38;2;239;233;218m▄[0m[38;2;239;233;218m[48;2;239;233;218m▀[0m[38;2;224;86;91m[48;2;224;86;91m▀[0m[38;2;224;86;91m[48;2;224;86;91m▀[0m[38;2;184;67;74m[48;2;184;67;74m▀[0m[38;2;239;233;218m[48;2;239;233;218m▀[0m[38;2;239;233;218m[48;2;239;233;218m▀[0m[38;2;239;233;218m[48;2;239;233;218m▀[0m[38;2;239;233;218m[48;2;239;233;218m▀[0m[38;2;239;233;218m▄[0m[38;2;239;233;218m▄[0m                                                                                     
 [38;2;239;233;218m[48;2;239;233;218m▀[0m[38;2;239;233;218m[48;2;239;233;218m▀[0m[38;2;239;233;218m[48;2;157;150;134m▀[0m[38;2;239;233;218m[48;2;157;150;134m▀[0m[38;2;239;233;218m[48;2;157;150;134m▀[0m[38;2;239;233;218m[48;2;157;150;134m▀[0m[38;2;239;233;218m[48;2;157;150;134m▀[0m[38;2;239;233;218m[48;2;157;150;134m▀[0m[38;2;239;233;218m[48;2;157;150;134m▀[0m[38;2;239;233;218m[48;2;157;150;134m▀[0m[38;2;239;233;218m[48;2;157;150;134m▀[0m[38;2;239;233;218m[48;2;157;150;134m▀[0m[38;2;239;233;218m[48;2;239;233;218m▀[0m[38;2;239;233;218m[48;2;239;233;218m▀[0m[38;2;239;233;218m[48;2;195;187;168m▀[0m[38;2;239;233;218m[48;2;195;187;168m▀[0m[38;2;239;233;218m[48;2;239;233;218m▀[0m[38;2;239;233;218m[48;2;239;233;218m▀[0m[38;2;239;233;218m[48;2;157;150;134m▀[0m[38;2;239;233;218m[48;2;157;150;134m▀[0m[38;2;224;86;91m[48;2;224;86;91m▀[0m[38;2;224;86;91m[48;2;224;86;91m▀[0m[38;2;184;67;74m[48;2;184;67;74m▀[0m[38;2;239;233;218m[48;2;157;150;134m▀[0m[38;2;239;233;218m[48;2;157;150;134m▀[0m[38;2;239;233;218m[48;2;157;150;134m▀[0m[38;2;239;233;218m[48;2;157;150;134m▀[0m[38;2;239;233;218m[48;2;157;150;134m▀[0m[38;2;239;233;218m[48;2;239;233;218m▀[0m[38;2;239;233;218m[48;2;239;233;218m▀[0m       [38;2;239;233;218m▄[0m[38;2;239;233;218m▄[0m[38;2;239;233;218m▄[0m                                 [38;2;239;233;218m▄[0m[38;2;239;233;218m▄[0m[38;2;239;233;218m▄[0m      [38;2;239;233;218m▄[0m[38;2;239;233;218m▄[0m[38;2;239;233;218m▄[0m             [38;2;239;233;218m▄[0m[38;2;239;233;218m▄[0m[38;2;239;233;218m▄[0m         [38;2;239;233;218m▄[0m[38;2;239;233;218m▄[0m[38;2;239;233;218m▄[0m 
 [38;2;239;233;218m[48;2;239;233;218m▀[0m[38;2;239;233;218m[48;2;239;233;218m▀[0m[38;2;239;233;218m[48;2;157;150;134m▀[0m[38;2;239;233;218m[48;2;157;150;134m▀[0m[38;2;239;233;218m[48;2;157;150;134m▀[0m[38;2;239;233;218m[48;2;157;150;134m▀[0m[38;2;239;233;218m[48;2;157;150;134m▀[0m[38;2;239;233;218m[48;2;157;150;134m▀[0m[38;2;239;233;218m[48;2;157;150;134m▀[0m[38;2;239;233;218m[48;2;157;150;134m▀[0m[38;2;239;233;218m[48;2;157;150;134m▀[0m[38;2;239;233;218m[48;2;239;233;218m▀[0m[38;2;239;233;218m[48;2;239;233;218m▀[0m[38;2;239;233;218m[48;2;239;233;218m▀[0m[38;2;195;187;168m[48;2;195;187;168m▀[0m[38;2;195;187;168m[48;2;195;187;168m▀[0m[38;2;239;233;218m[48;2;239;233;218m▀[0m[38;2;239;233;218m[48;2;239;233;218m▀[0m[38;2;239;233;218m[48;2;157;150;134m▀[0m[38;2;239;233;218m[48;2;157;150;134m▀[0m[38;2;224;86;91m[48;2;224;86;91m▀[0m[38;2;224;86;91m[48;2;224;86;91m▀[0m[38;2;184;67;74m[48;2;184;67;74m▀[0m[38;2;239;233;218m[48;2;157;150;134m▀[0m[38;2;239;233;218m[48;2;157;150;134m▀[0m[38;2;239;233;218m[48;2;157;150;134m▀[0m[38;2;239;233;218m[48;2;239;233;218m▀[0m[38;2;239;233;218m[48;2;239;233;218m▀[0m[38;2;239;233;218m[48;2;239;233;218m▀[0m[38;2;239;233;218m[48;2;239;233;218m▀[0m        [38;2;239;233;218m[48;2;239;233;218m▀[0m[38;2;239;233;218m[48;2;239;233;218m▀[0m                                  [38;2;239;233;218m[48;2;239;233;218m▀[0m[38;2;239;233;218m[48;2;239;233;218m▀[0m     [38;2;239;233;218m[48;2;239;233;218m▀[0m[38;2;239;233;218m[48;2;239;233;218m▀[0m  [38;2;239;233;218m▀[0m             [38;2;239;233;218m[48;2;239;233;218m▀[0m[38;2;239;233;218m[48;2;239;233;218m▀[0m          [38;2;239;233;218m[48;2;239;233;218m▀[0m[38;2;239;233;218m[48;2;239;233;218m▀[0m 
 [38;2;239;233;218m[48;2;239;233;218m▀[0m[38;2;239;233;218m[48;2;239;233;218m▀[0m[38;2;239;233;218m[48;2;157;150;134m▀[0m[38;2;239;233;218m[48;2;157;150;134m▀[0m[38;2;239;233;218m[48;2;157;150;134m▀[0m[38;2;239;233;218m[48;2;157;150;134m▀[0m[38;2;239;233;218m[48;2;157;150;134m▀[0m[38;2;239;233;218m[48;2;157;150;134m▀[0m[38;2;239;233;218m[48;2;157;150;134m▀[0m[38;2;239;233;218m[48;2;157;150;134m▀[0m[38;2;239;233;218m[48;2;157;150;134m▀[0m[38;2;239;233;218m[48;2;157;150;134m▀[0m[38;2;239;233;218m[48;2;239;233;218m▀[0m[38;2;239;233;218m[48;2;239;233;218m▀[0m[38;2;195;187;168m[48;2;195;187;168m▀[0m[38;2;195;187;168m[48;2;195;187;168m▀[0m[38;2;239;233;218m[48;2;239;233;218m▀[0m[38;2;239;233;218m[48;2;239;233;218m▀[0m[38;2;239;233;218m[48;2;157;150;134m▀[0m[38;2;239;233;218m[48;2;157;150;134m▀[0m[38;2;224;86;91m[48;2;157;150;134m▀[0m[38;2;239;233;218m[48;2;157;150;134m▀[0m[38;2;184;67;74m[48;2;157;150;134m▀[0m[38;2;239;233;218m[48;2;157;150;134m▀[0m[38;2;239;233;218m[48;2;157;150;134m▀[0m[38;2;239;233;218m[48;2;157;150;134m▀[0m[38;2;239;233;218m[48;2;157;150;134m▀[0m[38;2;239;233;218m[48;2;157;150;134m▀[0m[38;2;239;233;218m[48;2;239;233;218m▀[0m[38;2;239;233;218m[48;2;239;233;218m▀[0m        [38;2;239;233;218m[48;2;239;233;218m▀[0m[38;2;239;233;218m[48;2;239;233;218m▀[0m [38;2;239;233;218m▄[0m[38;2;239;233;218m▄[0m[38;2;239;233;218m▄[0m      [38;2;239;233;218m▄[0m[38;2;239;233;218m▄[0m[38;2;239;233;218m▄[0m[38;2;239;233;218m▄[0m    [38;2;239;233;218m▄[0m[38;2;239;233;218m▄[0m [38;2;239;233;218m▄[0m[38;2;239;233;218m▄[0m[38;2;239;233;218m▄[0m     [38;2;239;233;218m▄[0m[38;2;239;233;218m▄[0m[38;2;239;233;218m▄[0m[38;2;239;233;218m▄[0m [38;2;239;233;218m[48;2;239;233;218m▀[0m[38;2;239;233;218m[48;2;239;233;218m▀[0m   [38;2;239;233;218m▄[0m[38;2;239;233;218m▄[0m[38;2;239;233;218m[48;2;239;233;218m▀[0m[38;2;239;233;218m[48;2;239;233;218m▀[0m[38;2;239;233;218m▄[0m      [38;2;239;233;218m▄[0m[38;2;239;233;218m▄[0m[38;2;239;233;218m▄[0m[38;2;239;233;218m▄[0m     [38;2;239;233;218m[48;2;239;233;218m▀[0m[38;2;239;233;218m[48;2;239;233;218m▀[0m     [38;2;239;233;218m▄[0m[38;2;239;233;218m▄[0m[38;2;239;233;218m▄[0m[38;2;239;233;218m▄[0m [38;2;239;233;218m[48;2;239;233;218m▀[0m[38;2;239;233;218m[48;2;239;233;218m▀[0m 
 [38;2;239;233;218m[48;2;239;233;218m▀[0m[38;2;239;233;218m[48;2;239;233;218m▀[0m[38;2;239;233;218m[48;2;157;150;134m▀[0m[38;2;239;233;218m[48;2;157;150;134m▀[0m[38;2;239;233;218m[48;2;157;150;134m▀[0m[38;2;239;233;218m[48;2;157;150;134m▀[0m[38;2;239;233;218m[48;2;157;150;134m▀[0m[38;2;239;233;218m[48;2;157;150;134m▀[0m[38;2;239;233;218m[48;2;239;233;218m▀[0m[38;2;239;233;218m[48;2;239;233;218m▀[0m[38;2;239;233;218m[48;2;239;233;218m▀[0m[38;2;239;233;218m[48;2;239;233;218m▀[0m[38;2;239;233;218m[48;2;239;233;218m▀[0m[38;2;239;233;218m[48;2;239;233;218m▀[0m[38;2;195;187;168m[48;2;195;187;168m▀[0m[38;2;195;187;168m[48;2;195;187;168m▀[0m[38;2;239;233;218m[48;2;239;233;218m▀[0m[38;2;239;233;218m[48;2;239;233;218m▀[0m[38;2;239;233;218m[48;2;157;150;134m▀[0m[38;2;239;233;218m[48;2;157;150;134m▀[0m[38;2;239;233;218m[48;2;157;150;134m▀[0m[38;2;239;233;218m[48;2;157;150;134m▀[0m[38;2;239;233;218m[48;2;157;150;134m▀[0m[38;2;239;233;218m[48;2;157;150;134m▀[0m[38;2;239;233;218m[48;2;157;150;134m▀[0m[38;2;239;233;218m[48;2;239;233;218m▀[0m[38;2;239;233;218m[48;2;239;233;218m▀[0m[38;2;239;233;218m[48;2;239;233;218m▀[0m[38;2;239;233;218m[48;2;239;233;218m▀[0m[38;2;239;233;218m[48;2;239;233;218m▀[0m        [38;2;239;233;218m[48;2;239;233;218m▀[0m[38;2;239;233;218m[48;2;239;233;218m▀[0m[38;2;239;233;218m▀[0m  [38;2;239;233;218m[48;2;239;233;218m▀[0m[38;2;239;233;218m[48;2;239;233;218m▀[0m   [38;2;239;233;218m▄[0m[38;2;239;233;218m[48;2;239;233;218m▀[0m[38;2;239;233;218m▀[0m  [38;2;239;233;218m▀[0m[38;2;239;233;218m[48;2;239;233;218m▀[0m[38;2;239;233;218m▄[0m   [38;2;239;233;218m[48;2;239;233;218m▀[0m[38;2;239;233;218m[48;2;239;233;218m▀[0m[38;2;239;233;218m▀[0m  [38;2;239;233;218m▀[0m  [38;2;239;233;218m▄[0m[38;2;239;233;218m[48;2;239;233;218m▀[0m[38;2;239;233;218m▀[0m  [38;2;239;233;218m▀[0m[38;2;239;233;218m▀[0m[38;2;239;233;218m[48;2;239;233;218m▀[0m[38;2;239;233;218m[48;2;239;233;218m▀[0m     [38;2;239;233;218m[48;2;239;233;218m▀[0m[38;2;239;233;218m[48;2;239;233;218m▀[0m     [38;2;239;233;218m▄[0m[38;2;239;233;218m[48;2;239;233;218m▀[0m[38;2;239;233;218m▀[0m  [38;2;239;233;218m▀[0m[38;2;239;233;218m[48;2;239;233;218m▀[0m[38;2;239;233;218m▄[0m   [38;2;239;233;218m[48;2;239;233;218m▀[0m[38;2;239;233;218m[48;2;239;233;218m▀[0m   [38;2;239;233;218m▄[0m[38;2;239;233;218m[48;2;239;233;218m▀[0m[38;2;239;233;218m▀[0m  [38;2;239;233;218m▀[0m[38;2;239;233;218m▀[0m[38;2;239;233;218m[48;2;239;233;218m▀[0m[38;2;239;233;218m[48;2;239;233;218m▀[0m 
 [38;2;239;233;218m[48;2;217;209;190m▀[0m[38;2;239;233;218m[48;2;239;233;218m▀[0m[38;2;239;233;218m[48;2;239;233;218m▀[0m[38;2;239;233;218m[48;2;239;233;218m▀[0m[38;2;239;233;218m[48;2;239;233;218m▀[0m[38;2;239;233;218m[48;2;239;233;218m▀[0m[38;2;239;233;218m[48;2;239;233;218m▀[0m[38;2;239;233;218m[48;2;239;233;218m▀[0m[38;2;239;233;218m[48;2;239;233;218m▀[0m[38;2;239;233;218m[48;2;239;233;218m▀[0m[38;2;239;233;218m[48;2;239;233;218m▀[0m[38;2;239;233;218m[48;2;239;233;218m▀[0m[38;2;239;233;218m[48;2;239;233;218m▀[0m[38;2;239;233;218m[48;2;239;233;218m▀[0m[38;2;195;187;168m[48;2;195;187;168m▀[0m[38;2;195;187;168m[48;2;195;187;168m▀[0m[38;2;239;233;218m[48;2;239;233;218m▀[0m[38;2;239;233;218m[48;2;239;233;218m▀[0m[38;2;239;233;218m[48;2;239;233;218m▀[0m[38;2;239;233;218m[48;2;239;233;218m▀[0m[38;2;239;233;218m[48;2;239;233;218m▀[0m[38;2;239;233;218m[48;2;239;233;218m▀[0m[38;2;239;233;218m[48;2;239;233;218m▀[0m[38;2;239;233;218m[48;2;239;233;218m▀[0m[38;2;239;233;218m[48;2;239;233;218m▀[0m[38;2;239;233;218m[48;2;239;233;218m▀[0m[38;2;239;233;218m[48;2;239;233;218m▀[0m[38;2;239;233;218m[48;2;239;233;218m▀[0m[38;2;239;233;218m[48;2;239;233;218m▀[0m[38;2;239;233;218m[48;2;217;209;190m▀[0m        [38;2;239;233;218m[48;2;239;233;218m▀[0m[38;2;239;233;218m[48;2;239;233;218m▀[0m   [38;2;239;233;218m[48;2;239;233;218m▀[0m[38;2;239;233;218m[48;2;239;233;218m▀[0m   [38;2;239;233;218m[48;2;239;233;218m▀[0m[38;2;239;233;218m[48;2;239;233;218m▀[0m[38;2;239;233;218m▀[0m[38;2;239;233;218m▀[0m[38;2;239;233;218m▀[0m[38;2;239;233;218m▀[0m[38;2;239;233;218m▀[0m[38;2;239;233;218m▀[0m   [38;2;239;233;218m[48;2;239;233;218m▀[0m[38;2;239;233;218m[48;2;239;233;218m▀[0m      [38;2;239;233;218m[48;2;239;233;218m▀[0m[38;2;239;233;218m[48;2;239;233;218m▀[0m     [38;2;239;233;218m[48;2;239;233;218m▀[0m[38;2;239;233;218m[48;2;239;233;218m▀[0m     [38;2;239;233;218m[48;2;239;233;218m▀[0m[38;2;239;233;218m[48;2;239;233;218m▀[0m     [38;2;239;233;218m[48;2;239;233;218m▀[0m[38;2;239;233;218m[48;2;239;233;218m▀[0m    [38;2;239;233;218m[48;2;239;233;218m▀[0m[38;2;239;233;218m[48;2;239;233;218m▀[0m   [38;2;239;233;218m[48;2;239;233;218m▀[0m[38;2;239;233;218m[48;2;239;233;218m▀[0m   [38;2;239;233;218m[48;2;239;233;218m▀[0m[38;2;239;233;218m[48;2;239;233;218m▀[0m     [38;2;239;233;218m[48;2;239;233;218m▀[0m[38;2;239;233;218m[48;2;239;233;218m▀[0m 
[38;2;47;111;106m▄[0m[38;2;217;209;190m[48;2;47;111;106m▀[0m[38;2;217;209;190m[48;2;47;111;106m▀[0m[38;2;217;209;190m[48;2;47;111;106m▀[0m[38;2;217;209;190m[48;2;47;111;106m▀[0m[38;2;217;209;190m[48;2;47;111;106m▀[0m[38;2;217;209;190m[48;2;47;111;106m▀[0m[38;2;217;209;190m[48;2;47;111;106m▀[0m[38;2;217;209;190m[48;2;47;111;106m▀[0m[38;2;217;209;190m[48;2;47;111;106m▀[0m[38;2;217;209;190m[48;2;47;111;106m▀[0m[38;2;217;209;190m[48;2;47;111;106m▀[0m[38;2;217;209;190m[48;2;47;111;106m▀[0m[38;2;217;209;190m[48;2;47;111;106m▀[0m[38;2;217;209;190m[48;2;47;111;106m▀[0m[38;2;195;187;168m[48;2;38;84;79m▀[0m[38;2;195;187;168m[48;2;38;84;79m▀[0m[38;2;217;209;190m[48;2;47;111;106m▀[0m[38;2;217;209;190m[48;2;47;111;106m▀[0m[38;2;217;209;190m[48;2;47;111;106m▀[0m[38;2;217;209;190m[48;2;47;111;106m▀[0m[38;2;217;209;190m[48;2;47;111;106m▀[0m[38;2;217;209;190m[48;2;47;111;106m▀[0m[38;2;217;209;190m[48;2;47;111;106m▀[0m[38;2;217;209;190m[48;2;47;111;106m▀[0m[38;2;217;209;190m[48;2;47;111;106m▀[0m[38;2;217;209;190m[48;2;47;111;106m▀[0m[38;2;217;209;190m[48;2;47;111;106m▀[0m[38;2;217;209;190m[48;2;47;111;106m▀[0m[38;2;217;209;190m[48;2;47;111;106m▀[0m[38;2;217;209;190m[48;2;47;111;106m▀[0m[38;2;47;111;106m▄[0m      [38;2;239;233;218m▄[0m[38;2;239;233;218m[48;2;239;233;218m▀[0m[38;2;239;233;218m[48;2;239;233;218m▀[0m[38;2;239;233;218m▄[0m [38;2;239;233;218m▄[0m[38;2;239;233;218m[48;2;239;233;218m▀[0m[38;2;239;233;218m[48;2;239;233;218m▀[0m[38;2;239;233;218m▄[0m   [38;2;239;233;218m▀[0m[38;2;239;233;218m[48;2;239;233;218m▀[0m[38;2;239;233;218m▄[0m[38;2;239;233;218m▄[0m[38;2;239;233;218m▄[0m[38;2;239;233;218m[48;2;239;233;218m▀[0m[38;2;239;233;218m▀[0m  [38;2;239;233;218m▄[0m[38;2;239;233;218m[48;2;239;233;218m▀[0m[38;2;239;233;218m[48;2;239;233;218m▀[0m[38;2;239;233;218m▄[0m      [38;2;239;233;218m▀[0m[38;2;239;233;218m[48;2;239;233;218m▀[0m[38;2;239;233;218m▄[0m[38;2;239;233;218m▄[0m[38;2;239;233;218m[48;2;239;233;218m▀[0m[38;2;239;233;218m▀[0m[38;2;239;233;218m[48;2;239;233;218m▀[0m[38;2;239;233;218m[48;2;239;233;218m▀[0m[38;2;239;233;218m▄[0m   [38;2;239;233;218m▄[0m[38;2;239;233;218m[48;2;239;233;218m▀[0m[38;2;239;233;218m[48;2;239;233;218m▀[0m[38;2;239;233;218m▄[0m     [38;2;239;233;218m▀[0m[38;2;239;233;218m[48;2;239;233;218m▀[0m[38;2;239;233;218m▄[0m[38;2;239;233;218m▄[0m[38;2;239;233;218m[48;2;239;233;218m▀[0m[38;2;239;233;218m▀[0m   [38;2;239;233;218m▄[0m[38;2;239;233;218m[48;2;239;233;218m▀[0m[38;2;239;233;218m[48;2;239;233;218m▀[0m[38;2;239;233;218m▄[0m   [38;2;239;233;218m▀[0m[38;2;239;233;218m[48;2;239;233;218m▀[0m[38;2;239;233;218m▄[0m[38;2;239;233;218m▄[0m[38;2;239;233;218m[48;2;239;233;218m▀[0m[38;2;239;233;218m▀[0m[38;2;239;233;218m[48;2;239;233;218m▀[0m[38;2;239;233;218m[48;2;239;233;218m▀[0m[38;2;239;233;218m▄[0m

                                      [3;38;2;154;160;172mLong text, laid out as facing pages you turn[0m
